image: automap.pgm
resolution: 0.050000
origin: [-8.779808, -10.513105, 0.000000]
negate: 0
occupied_thresh: 0.65
free_thresh: 0.196

