image: MSR.pgm
resolution: 0.050000
origin: [-9.682538, -11.999938, 0.000000]
negate: 0
occupied_thresh: 0.65
free_thresh: 0.196

